T1	644.75 704.75
O1	654.70 666.70
S1	654.75 660.80
R1	645.85 650.45 687.30 687.45 703.30 704.75
F1	654.90 656.45 657.00 658.25 659.50 666.85 679.35 681.90 682.90 683.50 691.20 691.80 694.35 694.80 697.800 700.70
E1	658.25 659.15
H1	659.15 686.55 688.90 696.00
G1

T5	1615.30 1675.30	
O5	1625.25 1637.25
S5	1625.30 1631.70
R5	1621.40 1624.65 1625.25 1628.85
F5	1620.85 1621.40 1625.30 1628.85 1630.60 1634.55
E5	1629.15 1629.75
H5	1629.90 1675.30	
G5	1637.25 1638.00 1639.00 1643.75 1646.90 1652.45 1671.35 1673.60 1674.85 1675.30

T9 	3487.50 3547.50
O9	3497.45 3409.45
S9	3497.50	3505.35
R9	3489.35 3493.30
F9	3497.80 3500.20 3501.65 3509.55 3516.65 3535.90 3544.50 3545.50
E9	3500.20 3500.85
H9	3500.85 3547.50
G9